55
0 46 1 2
1 29 0 4
2 26 4 5
3 34 1 7
4 36 2 8
5 10 8 9
6 21 3 11
7 21 4 12
8 12 5 13
9 16 13 14
10 21 6 16
11 22 7 17
12 38 8 18
13 34 9 19
14 49 19 20
15 21 10 22
16 37 11 23
17 38 12 24
18 31 13 25
19 42 14 26
20 21 26 27
21 48 15 29
22 24 16 30
23 14 17 31
24 23 18 32
25 40 19 33
26 11 20 34
27 22 34 35
28 25 21 37
29 11 22 38
30 13 23 39
31 16 24 40
32 43 25 41
33 24 26 42
34 47 27 43
35 46 43 44
36 15 28 46
37 36 29 47
38 36 30 48
39 31 31 49
40 17 32 50
41 27 33 51
42 22 34 52
43 46 35 53
44 19 53 54
45 34 36 E
46 21 37 36
47 14 38 37
48 16 39 38
49 25 40 39
50 47 41 40
51 37 42 41
52 39 43 42
53 38 44 43
54 32 E 44